/work/VinBigData/preprocessed/test/img_npz/ffccf1709d0081d122a1d1f9edbefdf1.npz[[1.42160059e+03 9.20090698e+02 1.75991797e+03 1.29905005e+03
  5.35521924e-01]
 [6.88566589e+02 2.37591699e+03 1.13365137e+03 2.73678076e+03
  2.50982523e-01]
 [2.04802979e+03 2.59894165e+03 2.66122461e+03 3.18200244e+03
  2.49582589e-01]
 [1.18230615e+03 1.81859253e+03 1.45719604e+03 2.13072900e+03
  1.85300648e-01]
 [1.82623462e+03 2.07947656e+03 2.15065723e+03 2.44341553e+03
  1.36515409e-01]
 [1.71337555e+02 2.76039209e+03 4.53863007e+02 3.07677124e+03
  1.28484681e-01]
 [2.32430566e+03 2.66188135e+03 2.68972168e+03 3.11167505e+03
  1.07705355e-01]
 [5.62987305e+02 2.40505908e+03 1.20384375e+03 2.89494580e+03
  8.94958675e-02]
 [5.37077881e+02 2.47698291e+03 8.69260925e+02 2.76427319e+03
  7.99740925e-02]
 [1.24657715e+03 8.50176880e+02 1.75895703e+03 1.40411243e+03
  7.67241344e-02]
 [1.19557251e+03 1.40102905e+03 1.44220007e+03 1.70290930e+03
  7.19863698e-02]
 [4.61574310e+02 2.52161426e+03 7.65180298e+02 2.80315698e+03
  6.63913637e-02]
 [1.19219287e+03 1.24387744e+03 1.46228345e+03 1.55723022e+03
  5.34646101e-02]
 [2.04429248e+03 2.51752197e+03 2.42078296e+03 2.85487256e+03
  4.91899773e-02]
 [1.30504285e+03 7.95048340e+02 1.71060156e+03 1.20984509e+03
  4.56324369e-02]
 [1.60183081e+03 1.57136401e+03 1.95621094e+03 1.97757959e+03
  4.33719121e-02]
 [2.22907251e+03 3.92750885e+02 2.80642529e+03 1.02259100e+03
  3.99496108e-02]
 [1.42883325e+03 1.41900513e+03 1.96580725e+03 2.02278589e+03
  3.92039828e-02]
 [1.41995508e+03 1.37109253e+03 1.74187146e+03 1.70772217e+03
  3.53057198e-02]
 [1.17111206e+03 2.05871436e+03 1.42145557e+03 2.36060449e+03
  3.32627110e-02]
 [1.16078833e+03 1.88676611e+03 1.58691528e+03 2.43985742e+03
  3.22276205e-02]
 [1.24970569e+03 1.56582166e+03 2.00672693e+03 2.41064404e+03
  3.04576922e-02]
 [2.07791602e+03 2.50542969e+03 2.35052295e+03 2.72886401e+03
  2.79442146e-02]
 [2.35868481e+03 3.18962585e+02 2.73494312e+03 7.07402588e+02
  2.74170935e-02]
 [1.44350818e+03 8.63954468e+02 1.71598743e+03 1.15045801e+03
  2.46174708e-02]
 [2.05267407e+03 2.84499451e+02 2.36940625e+03 5.58206177e+02
  2.40249485e-02]
 [1.97735449e+03 2.93913849e+02 2.43933154e+03 7.01059753e+02
  2.38761306e-02]
 [1.07731824e+03 9.55499878e+02 1.83712280e+03 1.75316064e+03
  2.30763555e-02]
 [4.83345764e+02 5.48510986e+02 8.91021118e+02 9.55149658e+02
  2.29270197e-02]
 [1.69928491e+03 5.77282471e+02 2.04528894e+03 8.94945679e+02
  2.28817835e-02]
 [1.45639465e+03 2.28048682e+03 1.74659814e+03 2.60819360e+03
  2.12294366e-02]
 [1.12990137e+03 2.28461279e+03 1.40410986e+03 2.59690137e+03
  2.11696327e-02]
 [6.05777466e+02 6.22399048e+02 8.91536987e+02 8.77492920e+02
  2.11224984e-02]
 [1.70271509e+03 1.92308521e+03 2.11161719e+03 2.37099268e+03
  2.07399018e-02]
 [1.44525000e+03 1.12836389e+03 1.72335913e+03 1.44731787e+03
  2.05874741e-02]
 [8.42452637e+02 2.39886646e+03 1.18449658e+03 2.69277783e+03
  1.99182592e-02]
 [1.42242859e+02 3.70423004e+02 5.94859985e+02 7.65315674e+02
  1.96338035e-02]
 [9.27358459e+02 3.84558716e+02 1.29661011e+03 7.98979065e+02
  1.93988029e-02]
 [2.46912793e+03 3.01560669e+02 2.74553662e+03 5.80903320e+02
  1.80970933e-02]
 [1.02319958e+03 6.79735840e+02 1.78783984e+03 1.44736743e+03
  1.78049430e-02]
 [1.41705957e+03 2.01107800e+03 1.73401123e+03 2.35162500e+03
  1.76036302e-02]
 [1.69002661e+03 4.46652924e+02 2.33993262e+03 1.04240442e+03
  1.66675504e-02]
 [1.14039136e+03 1.00919714e+03 1.44832104e+03 1.36393921e+03
  1.65449698e-02]
 [1.71384656e+03 1.83468042e+03 2.01621582e+03 2.16589600e+03
  1.54911345e-02]
 [4.23955353e+02 2.46869434e+03 1.00570917e+03 2.94812695e+03
  1.50246294e-02]][][[8.7210120e+02 9.3643506e+02 1.1722993e+03 1.2435420e+03 2.1299023e-02]
 [2.1145801e+03 8.9277264e+02 2.4350747e+03 1.2211853e+03 2.1144561e-02]
 [2.0445764e+03 8.2743341e+02 2.3580435e+03 1.1536716e+03 1.7837983e-02]
 [1.7133755e+02 2.7603921e+03 4.5386301e+02 3.0767712e+03 1.6010530e-02]
 [2.0735283e+03 2.4293984e+03 2.2003896e+03 2.5362529e+03 1.4301509e-02]
 [9.2470911e+02 1.6191699e+03 1.2364202e+03 1.9659445e+03 1.3944778e-02]
 [8.5539905e+02 2.3506699e+02 1.1705603e+03 5.7471429e+02 1.3812120e-02]][[1.2241140e+03 1.7209004e+03 2.0712939e+03 2.6035913e+03 7.4912384e-02]][][][][[2.11458008e+03 8.92772644e+02 2.43507471e+03 1.22118530e+03
  2.19231993e-02]
 [8.72101196e+02 9.36435059e+02 1.17229932e+03 1.24354199e+03
  2.07019746e-02]
 [1.55991211e+03 7.91306152e+02 1.85210559e+03 1.11924707e+03
  1.96263436e-02]
 [2.06845044e+03 7.93981201e+02 2.39450562e+03 1.12210730e+03
  1.82591025e-02]
 [3.85927795e+02 5.81329590e+02 7.15497009e+02 9.16128540e+02
  1.77272558e-02]
 [1.69928491e+03 5.77282471e+02 2.04528894e+03 8.94945679e+02
  1.77036636e-02]
 [8.55399048e+02 2.35066986e+02 1.17056030e+03 5.74714294e+02
  1.70614291e-02]
 [1.59993359e+03 1.18281140e+03 1.89437549e+03 1.52274829e+03
  1.66866090e-02]
 [1.13154761e+03 6.08550842e+02 1.44682422e+03 9.52746582e+02
  1.56074455e-02]
 [1.83273560e+03 1.62772461e+03 2.13332031e+03 1.97459570e+03
  1.49694551e-02]
 [1.41330469e+03 1.39047867e+02 1.72515015e+03 4.70645264e+02
  1.47417840e-02]
 [1.98043701e+03 7.25548096e+02 2.29096973e+03 1.05410583e+03
  1.46211926e-02]
 [1.78415674e+03 1.46474731e+03 2.08790576e+03 1.80242847e+03
  1.44353742e-02]
 [4.61541138e+02 1.01956604e+03 7.77795593e+02 1.35312439e+03
  1.44268684e-02]
 [3.32230835e+02 8.32023804e+02 6.24096680e+02 1.14139307e+03
  1.38341859e-02]][[2.07352832e+03 2.42939844e+03 2.20038965e+03 2.53625293e+03
  5.32968752e-02]
 [8.72101196e+02 9.36435059e+02 1.17229932e+03 1.24354199e+03
  3.52179855e-02]
 [2.93173401e+02 4.18278595e+02 5.19378784e+02 5.06503662e+02
  3.36307101e-02]
 [2.11458008e+03 8.92772644e+02 2.43507471e+03 1.22118530e+03
  2.98638195e-02]
 [2.04457642e+03 8.27433411e+02 2.35804346e+03 1.15367163e+03
  2.57302485e-02]
 [1.71337555e+02 2.76039209e+03 4.53863007e+02 3.07677124e+03
  2.43424941e-02]
 [8.55399048e+02 2.35066986e+02 1.17056030e+03 5.74714294e+02
  2.12050546e-02]
 [9.24709106e+02 1.61916992e+03 1.23642017e+03 1.96594446e+03
  1.95702482e-02]
 [1.98043701e+03 7.25548096e+02 2.29096973e+03 1.05410583e+03
  1.87118910e-02]
 [6.67260559e+02 8.22143555e+02 9.68187012e+02 1.14199536e+03
  1.80965029e-02]
 [8.95356445e+02 1.77672119e+03 1.19556665e+03 2.08742090e+03
  1.69726145e-02]
 [3.32230835e+02 8.32023804e+02 6.24096680e+02 1.14139307e+03
  1.67785026e-02]
 [1.41330469e+03 1.39047867e+02 1.72515015e+03 4.70645264e+02
  1.62853952e-02]
 [1.55991211e+03 7.91306152e+02 1.85210559e+03 1.11924707e+03
  1.54887289e-02]
 [2.18381744e+02 1.02847681e+03 5.18364014e+02 1.35754004e+03
  1.46671999e-02]
 [3.92072144e+02 6.58330322e+02 7.10486084e+02 9.84546692e+02
  1.45448148e-02]
 [9.11069824e+02 6.59259705e+02 1.16858130e+03 7.34976807e+02
  1.44684883e-02]
 [1.73739807e+03 5.76442688e+02 2.04484460e+03 8.56590210e+02
  1.43423108e-02]
 [1.76137671e+03 1.43488525e+03 2.05246777e+03 1.76738574e+03
  1.41219879e-02]
 [1.32710791e+03 5.78264404e+02 1.61542969e+03 9.12485596e+02
  1.39399935e-02]
 [4.61541138e+02 1.01956604e+03 7.77795593e+02 1.35312439e+03
  1.37093114e-02]][[2.11458008e+03 8.92772644e+02 2.43507471e+03 1.22118530e+03
  2.68710349e-02]
 [8.72101196e+02 9.36435059e+02 1.17229932e+03 1.24354199e+03
  2.35849004e-02]
 [2.04457642e+03 8.27433411e+02 2.35804346e+03 1.15367163e+03
  2.21244413e-02]
 [1.71337555e+02 2.76039209e+03 4.53863007e+02 3.07677124e+03
  2.18566358e-02]
 [1.55991211e+03 7.91306152e+02 1.85210559e+03 1.11924707e+03
  2.08110977e-02]
 [1.76137671e+03 1.43488525e+03 2.05246777e+03 1.76738574e+03
  2.04540696e-02]
 [2.07352832e+03 2.42939844e+03 2.20038965e+03 2.53625293e+03
  1.82935875e-02]
 [9.24709106e+02 1.61916992e+03 1.23642017e+03 1.96594446e+03
  1.74378026e-02]
 [1.83273560e+03 1.62772461e+03 2.13332031e+03 1.97459570e+03
  1.65628232e-02]
 [1.98043701e+03 7.25548096e+02 2.29096973e+03 1.05410583e+03
  1.64838750e-02]
 [1.59993359e+03 1.18281140e+03 1.89437549e+03 1.52274829e+03
  1.61334407e-02]
 [8.55399048e+02 2.35066986e+02 1.17056030e+03 5.74714294e+02
  1.61047857e-02]
 [4.61541138e+02 1.01956604e+03 7.77795593e+02 1.35312439e+03
  1.58077106e-02]
 [1.13154761e+03 6.08550842e+02 1.44682422e+03 9.52746582e+02
  1.45030441e-02]
 [1.41330469e+03 1.39047867e+02 1.72515015e+03 4.70645264e+02
  1.42833786e-02]
 [3.32230835e+02 8.32023804e+02 6.24096680e+02 1.14139307e+03
  1.39890732e-02]
 [3.85927795e+02 5.81329590e+02 7.15497009e+02 9.16128540e+02
  1.39439302e-02]][[1.55991211e+03 7.91306152e+02 1.85210559e+03 1.11924707e+03
  4.75502573e-02]
 [1.48568054e+03 2.51825195e+03 1.79367114e+03 2.85023926e+03
  4.41226885e-02]
 [1.76137671e+03 1.43488525e+03 2.05246777e+03 1.76738574e+03
  4.03135940e-02]
 [2.11458008e+03 8.92772644e+02 2.43507471e+03 1.22118530e+03
  3.37672904e-02]
 [1.71337555e+02 2.76039209e+03 4.53863007e+02 3.07677124e+03
  3.01690288e-02]
 [9.49917847e+02 2.37658301e+03 1.28292590e+03 2.66045117e+03
  2.81627532e-02]
 [2.04457642e+03 8.27433411e+02 2.35804346e+03 1.15367163e+03
  2.72969976e-02]
 [1.13154761e+03 6.08550842e+02 1.44682422e+03 9.52746582e+02
  2.57914774e-02]
 [1.75569885e+03 1.97282837e+03 2.07174756e+03 2.30655176e+03
  2.57718340e-02]
 [1.87798047e+03 2.31991357e+03 2.20258057e+03 2.62765674e+03
  2.55956110e-02]
 [1.12990137e+03 2.28461279e+03 1.40410986e+03 2.59690137e+03
  2.51222774e-02]
 [1.34093433e+03 1.16576709e+03 1.66719189e+03 1.49392798e+03
  2.37740334e-02]
 [5.95562622e+02 2.45429980e+03 9.41032104e+02 2.75902100e+03
  2.27399822e-02]
 [1.49381714e+03 2.39207031e+03 1.77513074e+03 2.70903101e+03
  2.18228865e-02]
 [1.60367432e+02 2.67455078e+03 4.35054474e+02 2.96475342e+03
  1.97031125e-02]
 [9.24709106e+02 1.61916992e+03 1.23642017e+03 1.96594446e+03
  1.90311149e-02]
 [1.73818909e+02 8.16447327e+02 5.01923401e+02 1.15052051e+03
  1.82191059e-02]
 [1.58174048e+03 1.53612793e+03 1.91662415e+03 1.87367773e+03
  1.79309100e-02]
 [1.83273560e+03 1.62772461e+03 2.13332031e+03 1.97459570e+03
  1.72465295e-02]
 [1.13181409e+03 7.63356384e+02 1.43585449e+03 1.08203418e+03
  1.68624595e-02]
 [1.20807739e+03 1.22476318e+03 1.50555591e+03 1.53120068e+03
  1.66874249e-02]
 [2.36358911e+03 2.59697168e+03 2.66626807e+03 2.86392334e+03
  1.66500527e-02]
 [1.80411182e+03 5.04701721e+02 2.11232935e+03 8.10319824e+02
  1.63566861e-02]
 [1.41705957e+03 2.01107800e+03 1.73401123e+03 2.35162500e+03
  1.55290775e-02]
 [8.81912994e+01 4.47984375e+02 3.88831573e+02 7.43523560e+02
  1.53685929e-02]
 [1.77326831e+03 2.30119678e+03 2.10229199e+03 2.63780518e+03
  1.53372148e-02]
 [9.88302002e+02 1.80230054e+03 1.28247302e+03 2.14052930e+03
  1.51171666e-02]
 [1.41995508e+03 1.37109253e+03 1.74187146e+03 1.70772217e+03
  1.48787266e-02]
 [9.76885376e+01 9.55039062e+02 4.30768799e+02 1.29088696e+03
  1.45505462e-02]
 [1.38422595e+03 1.79730835e+03 1.69618103e+03 2.13924976e+03
  1.44007895e-02]
 [1.98043701e+03 7.25548096e+02 2.29096973e+03 1.05410583e+03
  1.43488254e-02]
 [2.07352832e+03 2.42939844e+03 2.20038965e+03 2.53625293e+03
  1.42261516e-02]
 [1.51699023e+03 6.37537476e+02 1.82860901e+03 9.79743591e+02
  1.41226249e-02]
 [2.56010559e+02 1.00493811e+03 5.45236816e+02 1.31559814e+03
  1.37435235e-02]
 [3.85927795e+02 5.81329590e+02 7.15497009e+02 9.16128540e+02
  1.36541128e-02]
 [1.59993359e+03 1.18281140e+03 1.89437549e+03 1.52274829e+03
  1.36210099e-02]][[1.13154761e+03 6.08550842e+02 1.44682422e+03 9.52746582e+02
  1.64377511e-01]
 [1.55382117e+03 7.13509277e+02 1.85753760e+03 1.05007458e+03
  1.45926788e-01]
 [9.88302002e+02 1.80230054e+03 1.28247302e+03 2.14052930e+03
  1.25729844e-01]
 [1.73818909e+02 8.16447327e+02 5.01923401e+02 1.15052051e+03
  1.17292255e-01]
 [1.78415674e+03 1.46474731e+03 2.08790576e+03 1.80242847e+03
  1.13003492e-01]
 [9.24709106e+02 1.61916992e+03 1.23642017e+03 1.96594446e+03
  1.09097220e-01]
 [2.04457642e+03 8.27433411e+02 2.35804346e+03 1.15367163e+03
  1.04076177e-01]
 [2.11458008e+03 8.92772644e+02 2.43507471e+03 1.22118530e+03
  9.90700722e-02]
 [9.76885376e+01 9.55039062e+02 4.30768799e+02 1.29088696e+03
  9.18353423e-02]
 [2.50798492e+02 6.82881226e+02 5.72014526e+02 1.02090240e+03
  8.25734437e-02]
 [1.58174048e+03 1.53612793e+03 1.91662415e+03 1.87367773e+03
  7.56352022e-02]
 [1.13352979e+03 1.40962906e+02 1.45308252e+03 4.74558167e+02
  7.34821633e-02]
 [3.85927795e+02 5.81329590e+02 7.15497009e+02 9.16128540e+02
  7.14878961e-02]
 [1.48568054e+03 2.51825195e+03 1.79367114e+03 2.85023926e+03
  7.10299909e-02]
 [1.83273560e+03 1.62772461e+03 2.13332031e+03 1.97459570e+03
  6.49945736e-02]
 [1.16483301e+03 7.30460571e+02 1.46889197e+03 1.04250122e+03
  6.39159158e-02]
 [1.75569885e+03 1.97282837e+03 2.07174756e+03 2.30655176e+03
  6.21507615e-02]
 [1.94707861e+03 6.93996338e+02 2.26098535e+03 1.01396838e+03
  6.01832606e-02]
 [9.84784912e+02 1.36166162e+03 1.29446082e+03 1.69905359e+03
  5.66768907e-02]
 [1.34093433e+03 1.16576709e+03 1.66719189e+03 1.49392798e+03
  5.62399961e-02]
 [1.10724622e+03 5.16091248e+02 1.41124561e+03 8.45405396e+02
  5.55045307e-02]
 [1.96459229e+03 4.39525421e+02 2.29316675e+03 7.67146606e+02
  5.51197678e-02]
 [1.10287549e+03 3.73060883e+02 1.40841565e+03 7.11094482e+02
  5.48889749e-02]
 [1.48816772e+03 6.10024536e+02 1.78704004e+03 9.39830933e+02
  5.40196970e-02]
 [1.34610950e+03 3.14426697e+02 1.65595447e+03 6.43024658e+02
  5.32149114e-02]
 [1.87798047e+03 2.31991357e+03 2.20258057e+03 2.62765674e+03
  5.17511182e-02]
 [1.59993359e+03 1.18281140e+03 1.89437549e+03 1.52274829e+03
  4.99869548e-02]
 [9.62387451e+02 1.54950671e+03 1.26850830e+03 1.84538672e+03
  4.83636595e-02]
 [1.77326831e+03 2.30119678e+03 2.10229199e+03 2.63780518e+03
  4.69344482e-02]
 [4.65088226e+02 9.53752136e+02 7.75600586e+02 1.28402148e+03
  4.64302599e-02]
 [1.92974438e+03 2.46128564e+03 2.21273730e+03 2.53565771e+03
  4.59236354e-02]
 [1.23194873e+03 9.83557373e+02 1.54821130e+03 1.32676868e+03
  4.48070578e-02]
 [8.55399048e+02 2.35066986e+02 1.17056030e+03 5.74714294e+02
  4.32980657e-02]
 [2.93173401e+02 4.18278595e+02 5.19378784e+02 5.06503662e+02
  4.24756594e-02]
 [1.83189270e+03 6.33299561e+02 2.15098682e+03 9.36402893e+02
  4.22054380e-02]
 [2.37199023e+03 3.88108337e+02 2.65964380e+03 6.97472778e+02
  4.12027128e-02]
 [1.71337555e+02 2.76039209e+03 4.53863007e+02 3.07677124e+03
  4.08930965e-02]
 [8.72101196e+02 9.36435059e+02 1.17229932e+03 1.24354199e+03
  4.03504260e-02]
 [9.49917847e+02 2.37658301e+03 1.28292590e+03 2.66045117e+03
  3.99265699e-02]
 [4.99461487e+02 8.42145386e+02 8.14662537e+02 1.17774438e+03
  3.93227451e-02]
 [1.41330469e+03 1.39047867e+02 1.72515015e+03 4.70645264e+02
  3.92786339e-02]
 [2.99446655e+02 9.44037598e+02 5.79484009e+02 1.24140894e+03
  3.89680937e-02]
 [1.12990137e+03 2.28461279e+03 1.40410986e+03 2.59690137e+03
  3.60755101e-02]
 [2.35048608e+03 2.62508008e+03 2.66634668e+03 2.95206494e+03
  3.56155671e-02]
 [1.31183521e+03 4.22151001e+02 1.62013550e+03 7.44528198e+02
  3.49094830e-02]
 [7.01633148e+01 4.70167358e+02 3.61694702e+02 7.62164612e+02
  3.39264572e-02]
 [3.32230835e+02 8.32023804e+02 6.24096680e+02 1.14139307e+03
  3.33195738e-02]
 [8.95356445e+02 1.77672119e+03 1.19556665e+03 2.08742090e+03
  3.13628465e-02]
 [1.49381714e+03 2.39207031e+03 1.77513074e+03 2.70903101e+03
  3.12414896e-02]
 [1.80411182e+03 5.04701721e+02 2.11232935e+03 8.10319824e+02
  3.01043689e-02]
 [4.26097565e+02 7.26817871e+02 7.24499084e+02 1.03928369e+03
  2.91887112e-02]
 [5.88004272e+02 7.08636353e+02 8.99178833e+02 1.04363672e+03
  2.91807111e-02]
 [2.29393896e+03 1.04887561e+03 2.60895264e+03 1.39170923e+03
  2.86314990e-02]
 [2.07352832e+03 2.42939844e+03 2.20038965e+03 2.53625293e+03
  2.86148768e-02]
 [1.69009314e+03 7.15443359e+02 1.99735596e+03 1.03599292e+03
  2.78849211e-02]
 [2.02011023e+03 1.26128125e+03 2.32506543e+03 1.58117395e+03
  2.77053509e-02]
 [3.73435974e+01 8.84364807e+02 3.58603699e+02 1.22565186e+03
  2.70830560e-02]
 [1.32710791e+03 5.78264404e+02 1.61542969e+03 9.12485596e+02
  2.66064443e-02]
 [1.20807739e+03 1.22476318e+03 1.50555591e+03 1.53120068e+03
  2.55853720e-02]
 [6.67260559e+02 8.22143555e+02 9.68187012e+02 1.14199536e+03
  2.51751952e-02]
 [1.41995508e+03 1.37109253e+03 1.74187146e+03 1.70772217e+03
  2.49193013e-02]
 [2.15428543e+00 1.11039941e+03 1.99847839e+02 1.46441394e+03
  2.47165263e-02]
 [8.89436646e+02 2.51564111e+03 1.22928223e+03 2.84913770e+03
  2.46495586e-02]
 [1.38266394e+03 1.58709644e+03 1.69585962e+03 1.93159180e+03
  2.43358258e-02]
 [1.69928491e+03 5.77282471e+02 2.04528894e+03 8.94945679e+02
  2.43263133e-02]
 [1.38422595e+03 1.79730835e+03 1.69618103e+03 2.13924976e+03
  2.42186580e-02]
 [3.61782318e+02 4.79935547e+02 6.91249451e+02 8.05020508e+02
  2.35015359e-02]
 [1.38327881e+03 1.97911914e+03 1.69912158e+03 2.31563159e+03
  2.33934578e-02]
 [1.60367432e+02 2.67455078e+03 4.35054474e+02 2.96475342e+03
  2.26785857e-02]
 [1.40482043e+03 4.74350098e+02 1.72408630e+03 8.04314819e+02
  2.19060965e-02]
 [1.01601123e+03 9.63177532e-02 1.30037903e+03 2.29606018e+02
  2.11403500e-02]
 [2.39984473e+03 7.37750854e+02 2.71011279e+03 1.07952759e+03
  2.10975725e-02]
 [0.00000000e+00 3.62734650e+02 2.57823425e+02 6.59503967e+02
  2.09620371e-02]
 [5.95562622e+02 2.45429980e+03 9.41032104e+02 2.75902100e+03
  2.08872799e-02]
 [2.32123926e+03 8.46933228e+02 2.64156738e+03 1.18169727e+03
  2.07203310e-02]
 [9.30559937e+02 3.45932922e+02 1.23334351e+03 6.77929626e+02
  2.00568307e-02]
 [2.50118140e+03 1.08715894e+03 2.80736963e+03 1.41028101e+03
  1.99495405e-02]
 [1.10402148e+03 4.56917267e+01 1.41662915e+03 3.81789673e+02
  1.95518415e-02]
 [2.14527532e-01 8.12361694e+02 2.62535034e+02 1.15412561e+03
  1.91756375e-02]
 [1.09038037e+03 3.12734229e+03 1.48880640e+03 3.18399976e+03
  1.89403184e-02]
 [2.24742139e+03 4.65302795e+02 2.55726270e+03 7.65972168e+02
  1.88434273e-02]
 [1.71384656e+03 1.83468042e+03 2.01621582e+03 2.16589600e+03
  1.88338757e-02]
 [2.15670166e+03 9.96437805e+02 2.42549219e+03 1.30166235e+03
  1.85874701e-02]
 [1.73877979e+03 2.46584668e+03 2.07738965e+03 2.77839893e+03
  1.73144564e-02]
 [6.72360849e+00 9.94629333e+02 3.20183228e+02 1.31074915e+03
  1.69174764e-02]
 [6.05777466e+02 6.22399048e+02 8.91536987e+02 8.77492920e+02
  1.66244805e-02]
 [2.18381744e+02 1.02847681e+03 5.18364014e+02 1.35754004e+03
  1.64520722e-02]
 [1.44229785e+03 2.82123840e+02 1.75235327e+03 5.99795654e+02
  1.63724776e-02]
 [7.97285278e+02 4.61814392e+02 1.11054712e+03 7.63688354e+02
  1.61025617e-02]
 [1.53906628e+03 4.61730682e+02 1.85133472e+03 7.67356445e+02
  1.59292780e-02]
 [1.45639465e+03 2.28048682e+03 1.74659814e+03 2.60819360e+03
  1.57933962e-02]
 [2.37365503e+03 6.55807800e+02 2.68219043e+03 9.80603516e+02
  1.54528031e-02]
 [2.14451025e+03 3.61935303e+02 2.47544531e+03 6.67495667e+02
  1.49717582e-02]
 [1.42048779e+03 2.14360254e+03 1.72280530e+03 2.47760742e+03
  1.48546631e-02]
 [5.79929565e+02 3.12641016e+03 9.83706543e+02 3.18396289e+03
  1.42408377e-02]
 [2.10269507e+03 4.31977112e+02 2.39739062e+03 7.27589844e+02
  1.41191538e-02]
 [1.68087231e+03 1.69068616e+03 1.96357178e+03 2.02438660e+03
  1.40291620e-02]
 [1.44350818e+03 8.63954468e+02 1.71598743e+03 1.15045801e+03
  1.36177419e-02]][][[4.61541138e+02 1.01956604e+03 7.77795593e+02 1.35312439e+03
  1.67897612e-01]
 [8.72101196e+02 9.36435059e+02 1.17229932e+03 1.24354199e+03
  1.49024889e-01]
 [9.88302002e+02 1.80230054e+03 1.28247302e+03 2.14052930e+03
  1.27504855e-01]
 [1.83273560e+03 1.62772461e+03 2.13332031e+03 1.97459570e+03
  1.20964155e-01]
 [1.55382117e+03 7.13509277e+02 1.85753760e+03 1.05007458e+03
  1.18321516e-01]
 [1.13154761e+03 6.08550842e+02 1.44682422e+03 9.52746582e+02
  1.07489124e-01]
 [1.59993359e+03 1.18281140e+03 1.89437549e+03 1.52274829e+03
  1.03330120e-01]
 [1.41330469e+03 1.39047867e+02 1.72515015e+03 4.70645264e+02
  9.58963335e-02]
 [3.85927795e+02 5.81329590e+02 7.15497009e+02 9.16128540e+02
  9.07942951e-02]
 [8.55399048e+02 2.35066986e+02 1.17056030e+03 5.74714294e+02
  8.81855935e-02]
 [1.78415674e+03 1.46474731e+03 2.08790576e+03 1.80242847e+03
  7.94016793e-02]
 [1.37332031e+03 2.73898010e+02 1.69063428e+03 6.07111755e+02
  7.83511922e-02]
 [9.84784912e+02 1.36166162e+03 1.29446082e+03 1.69905359e+03
  7.49829933e-02]
 [6.67260559e+02 8.22143555e+02 9.68187012e+02 1.14199536e+03
  6.76909834e-02]
 [9.24709106e+02 1.61916992e+03 1.23642017e+03 1.96594446e+03
  6.49439022e-02]
 [2.02011023e+03 1.26128125e+03 2.32506543e+03 1.58117395e+03
  6.46442100e-02]
 [2.50798492e+02 6.82881226e+02 5.72014526e+02 1.02090240e+03
  6.28285408e-02]
 [2.91560272e+02 2.02965454e+03 5.69754517e+02 2.38552710e+03
  5.40844426e-02]
 [9.62387451e+02 1.54950671e+03 1.26850830e+03 1.84538672e+03
  5.34916259e-02]
 [1.73818909e+02 8.16447327e+02 5.01923401e+02 1.15052051e+03
  5.21065108e-02]
 [1.48816772e+03 6.10024536e+02 1.78704004e+03 9.39830933e+02
  5.12434393e-02]
 [1.16483301e+03 7.30460571e+02 1.46889197e+03 1.04250122e+03
  4.99473400e-02]
 [2.15428543e+00 1.11039941e+03 1.99847839e+02 1.46441394e+03
  4.94486243e-02]
 [2.06845044e+03 7.93981201e+02 2.39450562e+03 1.12210730e+03
  4.16080579e-02]
 [2.36807910e+03 1.36110962e+03 2.66103613e+03 1.70101367e+03
  4.09913138e-02]
 [8.95356445e+02 1.77672119e+03 1.19556665e+03 2.08742090e+03
  4.04136926e-02]
 [5.24498718e+02 8.11489990e+02 8.42657593e+02 1.14625708e+03
  3.86854969e-02]
 [2.11458008e+03 8.92772644e+02 2.43507471e+03 1.22118530e+03
  3.81344296e-02]
 [1.40482043e+03 4.74350098e+02 1.72408630e+03 8.04314819e+02
  3.64894047e-02]
 [1.94707861e+03 6.93996338e+02 2.26098535e+03 1.01396838e+03
  3.48376483e-02]
 [1.13352979e+03 1.40962906e+02 1.45308252e+03 4.74558167e+02
  3.15838456e-02]
 [1.10724622e+03 5.16091248e+02 1.41124561e+03 8.45405396e+02
  2.96523944e-02]
 [1.69009314e+03 7.15443359e+02 1.99735596e+03 1.03599292e+03
  2.91856267e-02]
 [1.31183521e+03 4.22151001e+02 1.62013550e+03 7.44528198e+02
  2.78691985e-02]
 [3.32230835e+02 8.32023804e+02 6.24096680e+02 1.14139307e+03
  2.67146733e-02]
 [2.50118140e+03 1.08715894e+03 2.80736963e+03 1.41028101e+03
  2.66310535e-02]
 [9.30559937e+02 3.45932922e+02 1.23334351e+03 6.77929626e+02
  2.65933480e-02]
 [1.36897876e+03 6.15575073e+02 1.66711536e+03 9.36511719e+02
  2.57637706e-02]
 [1.38680542e+03 2.98004379e+01 1.68154541e+03 3.69929291e+02
  2.46875286e-02]
 [9.42656494e+02 2.03178442e+03 1.25448438e+03 2.38194678e+03
  2.40336061e-02]
 [2.93173401e+02 4.18278595e+02 5.19378784e+02 5.06503662e+02
  2.36295592e-02]
 [9.76885376e+01 9.55039062e+02 4.30768799e+02 1.29088696e+03
  2.31064875e-02]
 [4.26097565e+02 7.26817871e+02 7.24499084e+02 1.03928369e+03
  2.28279084e-02]
 [5.88004272e+02 7.08636353e+02 8.99178833e+02 1.04363672e+03
  2.26107351e-02]
 [1.10287549e+03 3.73060883e+02 1.40841565e+03 7.11094482e+02
  2.23233961e-02]
 [2.42381836e+03 8.49133484e+02 2.73033350e+03 1.18190137e+03
  2.19075307e-02]
 [2.07352832e+03 2.42939844e+03 2.20038965e+03 2.53625293e+03
  2.18179524e-02]
 [4.72803192e+02 8.74558838e+02 7.78189270e+02 1.21381421e+03
  2.14528330e-02]
 [6.16408691e+02 6.53237915e+02 1.23136841e+03 1.33498926e+03
  2.03080159e-02]
 [2.39984473e+03 7.37750854e+02 2.71011279e+03 1.07952759e+03
  1.92290917e-02]
 [2.99446655e+02 9.44037598e+02 5.79484009e+02 1.24140894e+03
  1.89775582e-02]
 [1.01657939e+00 8.84453125e+02 2.61904297e+02 1.22311902e+03
  1.80041175e-02]
 [2.01778491e+03 1.07959265e+03 2.31676685e+03 1.41744922e+03
  1.70399342e-02]
 [8.99810425e+02 1.39530920e+03 1.31426099e+03 1.83732434e+03
  1.63577572e-02]
 [2.46224316e+03 6.18916138e+02 2.76715796e+03 9.44223877e+02
  1.59705952e-02]
 [2.50759058e+03 8.02735291e+02 2.80196826e+03 1.14050806e+03
  1.59169380e-02]
 [1.23837939e+03 3.03429086e-02 1.54743042e+03 2.95046204e+02
  1.57837011e-02]
 [2.49642871e+03 4.40684692e+02 2.79299756e+03 7.74907837e+02
  1.53384758e-02]
 [1.59401685e+03 6.44435059e+02 2.17938721e+03 1.38722217e+03
  1.45815304e-02]
 [1.69928491e+03 5.77282471e+02 2.04528894e+03 8.94945679e+02
  1.36829074e-02]]